    T (K)        Td (K)        Qv           Qsat        Pressure                                                         Altitude
 0.206311E+03 0.198044E+03 0.655545E-05 0.211753E-04 0.122222E+05 0.000000E+00 0.000000E+00 0.000000E+00 0.000000E+00 0.151286E+05   1
 0.206636E+03 0.199663E+03 0.762068E-05 0.209802E-04 0.129266E+05 0.000000E+00 0.000000E+00 0.000000E+00 0.000000E+00 0.147754E+05   2
 0.206288E+03 0.200995E+03 0.867028E-05 0.187999E-04 0.137202E+05 0.000000E+00 0.000000E+00 0.000000E+00 0.000000E+00 0.144180E+05   3
 0.206048E+03 0.202352E+03 0.100660E-04 0.170974E-04 0.145723E+05 0.000000E+00 0.000000E+00 0.000000E+00 0.000000E+00 0.140559E+05   4
 0.206636E+03 0.203991E+03 0.121579E-04 0.175214E-04 0.154780E+05 0.000000E+00 0.000000E+00 0.000000E+00 0.000000E+00 0.136891E+05   5
 0.208052E+03 0.205883E+03 0.148965E-04 0.201753E-04 0.164568E+05 0.000000E+00 0.000000E+00 0.000000E+00 0.000000E+00 0.133174E+05   6
 0.209900E+03 0.208000E+03 0.191003E-04 0.246057E-04 0.175001E+05 0.000000E+00 0.000000E+00 0.000000E+00 0.000000E+00 0.129410E+05   7
 0.212154E+03 0.210460E+03 0.254769E-04 0.315713E-04 0.186135E+05 0.000000E+00 0.000000E+00 0.000000E+00 0.000000E+00 0.125598E+05   8
 0.214773E+03 0.213090E+03 0.340228E-04 0.422514E-04 0.198022E+05 0.000000E+00 0.000000E+00 0.000000E+00 0.000000E+00 0.121738E+05   9
 0.217487E+03 0.215566E+03 0.446697E-04 0.567723E-04 0.210618E+05 0.000000E+00 0.000000E+00 0.000000E+00 0.000000E+00 0.117829E+05  10
 0.220388E+03 0.218022E+03 0.583650E-04 0.774375E-04 0.224019E+05 0.000000E+00 0.000000E+00 0.000000E+00 0.000000E+00 0.113873E+05  11
 0.223448E+03 0.220430E+03 0.737626E-04 0.106696E-03 0.238251E+05 0.000000E+00 0.000000E+00 0.000000E+00 0.000000E+00 0.109869E+05  12
 0.226742E+03 0.223337E+03 0.102404E-03 0.149660E-03 0.253346E+05 0.000000E+00 0.000000E+00 0.000000E+00 0.000000E+00 0.105817E+05  13
 0.230350E+03 0.227330E+03 0.154908E-03 0.215306E-03 0.269344E+05 0.000000E+00 0.000000E+00 0.000000E+00 0.000000E+00 0.101718E+05  14
 0.234062E+03 0.231235E+03 0.225095E-03 0.309522E-03 0.286180E+05 0.000000E+00 0.000000E+00 0.000000E+00 0.000000E+00 0.975714E+04  15
 0.237703E+03 0.235096E+03 0.342158E-03 0.435500E-03 0.304268E+05 0.000000E+00 0.000000E+00 0.000000E+00 0.000000E+00 0.933799E+04  16
 0.241236E+03 0.239147E+03 0.507296E-03 0.598883E-03 0.323276E+05 0.000000E+00 0.000000E+00 0.000000E+00 0.000000E+00 0.891442E+04  17
 0.244633E+03 0.243086E+03 0.698325E-03 0.804282E-03 0.343114E+05 0.000000E+00 0.000000E+00 0.000000E+00 0.000000E+00 0.848662E+04  18
 0.247695E+03 0.246524E+03 0.921199E-03 0.103429E-02 0.364223E+05 0.000000E+00 0.000000E+00 0.000000E+00 0.000000E+00 0.805476E+04  19
 0.250425E+03 0.249503E+03 0.117857E-02 0.127761E-02 0.386658E+05 0.000000E+00 0.000000E+00 0.000000E+00 0.000000E+00 0.761912E+04  20
 0.252972E+03 0.252261E+03 0.144654E-02 0.154243E-02 0.410317E+05 0.000000E+00 0.000000E+00 0.000000E+00 0.000000E+00 0.718012E+04  21
 0.255289E+03 0.254740E+03 0.172860E-02 0.181326E-02 0.435368E+05 0.000000E+00 0.000000E+00 0.000000E+00 0.000000E+00 0.673847E+04  22
 0.257356E+03 0.256880E+03 0.198648E-02 0.207588E-02 0.461655E+05 0.000000E+00 0.000000E+00 0.000000E+00 0.000000E+00 0.629708E+04  23
 0.259129E+03 0.258619E+03 0.221268E-02 0.230840E-02 0.489066E+05 0.000000E+00 0.000000E+00 0.000000E+00 0.000000E+00 0.586056E+04  24
 0.261277E+03 0.260396E+03 0.247369E-02 0.265439E-02 0.517242E+05 0.000000E+00 0.000000E+00 0.000000E+00 0.000000E+00 0.543300E+04  25
 0.263678E+03 0.262161E+03 0.276280E-02 0.311789E-02 0.545967E+05 0.000000E+00 0.000000E+00 0.000000E+00 0.000000E+00 0.501799E+04  26
 0.265868E+03 0.263766E+03 0.304480E-02 0.359156E-02 0.574777E+05 0.000000E+00 0.000000E+00 0.000000E+00 0.000000E+00 0.461856E+04  27
 0.268085E+03 0.265419E+03 0.337871E-02 0.414516E-02 0.603478E+05 0.000000E+00 0.000000E+00 0.000000E+00 0.000000E+00 0.423642E+04  28
 0.270563E+03 0.267347E+03 0.383160E-02 0.488928E-02 0.631919E+05 0.000000E+00 0.000000E+00 0.000000E+00 0.000000E+00 0.387201E+04  29
 0.272899E+03 0.269279E+03 0.431276E-02 0.569341E-02 0.659959E+05 0.000000E+00 0.000000E+00 0.000000E+00 0.000000E+00 0.352541E+04  30
 0.275013E+03 0.271164E+03 0.480447E-02 0.638905E-02 0.687569E+05 0.000000E+00 0.000000E+00 0.000000E+00 0.000000E+00 0.319632E+04  31
 0.276751E+03 0.272925E+03 0.525386E-02 0.696409E-02 0.714347E+05 0.000000E+00 0.000000E+00 0.000000E+00 0.000000E+00 0.288498E+04  32
 0.278056E+03 0.274604E+03 0.572292E-02 0.736653E-02 0.740565E+05 0.000000E+00 0.000000E+00 0.000000E+00 0.000000E+00 0.259160E+04  33
 0.279270E+03 0.276172E+03 0.617712E-02 0.775474E-02 0.765886E+05 0.000000E+00 0.000000E+00 0.000000E+00 0.000000E+00 0.231614E+04  34
 0.280385E+03 0.277512E+03 0.657631E-02 0.811945E-02 0.790310E+05 0.000000E+00 0.000000E+00 0.000000E+00 0.000000E+00 0.205836E+04  35
 0.281350E+03 0.278645E+03 0.694341E-02 0.842774E-02 0.813617E+05 0.000000E+00 0.000000E+00 0.000000E+00 0.000000E+00 0.181829E+04  36
 0.282217E+03 0.279780E+03 0.731952E-02 0.870535E-02 0.835704E+05 0.000000E+00 0.000000E+00 0.000000E+00 0.000000E+00 0.159596E+04  37
 0.283106E+03 0.280989E+03 0.773542E-02 0.902114E-02 0.856564E+05 0.000000E+00 0.000000E+00 0.000000E+00 0.000000E+00 0.139113E+04  38
 0.284051E+03 0.282167E+03 0.818090E-02 0.939952E-02 0.876152E+05 0.000000E+00 0.000000E+00 0.000000E+00 0.000000E+00 0.120299E+04  39
 0.284821E+03 0.283206E+03 0.859600E-02 0.969680E-02 0.894217E+05 0.000000E+00 0.000000E+00 0.000000E+00 0.000000E+00 0.103126E+04  40
 0.285260E+03 0.284072E+03 0.894604E-02 0.980110E-02 0.910891E+05 0.000000E+00 0.000000E+00 0.000000E+00 0.000000E+00 0.876000E+03  41
 0.285275E+03 0.284495E+03 0.905749E-02 0.964696E-02 0.926109E+05 0.000000E+00 0.000000E+00 0.000000E+00 0.000000E+00 0.736930E+03  42
 0.284516E+03 0.283895E+03 0.857346E-02 0.903241E-02 0.939796E+05 0.000000E+00 0.000000E+00 0.000000E+00 0.000000E+00 0.613560E+03  43
 0.284092E+03 0.283484E+03 0.822026E-02 0.866437E-02 0.952002E+05 0.000000E+00 0.000000E+00 0.000000E+00 0.000000E+00 0.505430E+03  44
 0.284298E+03 0.283550E+03 0.817194E-02 0.868607E-02 0.962751E+05 0.000000E+00 0.000000E+00 0.000000E+00 0.000000E+00 0.412220E+03  45
 0.284724E+03 0.283845E+03 0.827161E-02 0.885212E-02 0.971945E+05 0.000000E+00 0.000000E+00 0.000000E+00 0.000000E+00 0.333250E+03  46
 0.285321E+03 0.284440E+03 0.855156E-02 0.913877E-02 0.979785E+05 0.000000E+00 0.000000E+00 0.000000E+00 0.000000E+00 0.266040E+03  47
 0.285906E+03 0.285052E+03 0.884983E-02 0.943756E-02 0.986437E+05 0.000000E+00 0.000000E+00 0.000000E+00 0.000000E+00 0.209100E+03  48
 0.286378E+03 0.285545E+03 0.909017E-02 0.968457E-02 0.991797E+05 0.000000E+00 0.000000E+00 0.000000E+00 0.000000E+00 0.163220E+03  49
 0.286736E+03 0.285919E+03 0.927236E-02 0.987562E-02 0.995860E+05 0.000000E+00 0.000000E+00 0.000000E+00 0.000000E+00 0.128440E+03  50
 0.286992E+03 0.286187E+03 0.940300E-02 0.100146E-01 0.998773E+05 0.000000E+00 0.000000E+00 0.000000E+00 0.000000E+00 0.103500E+03  51
