Toy column: z_max=30.0 km; baseline z_elem=30 dz_bottom=20.0 m; coarsened tier dz_bottom=100.0 m (5.0× baseline surface spacing).
Column keys: baseline | A_same_ne (stretch only) | B_ne_half (naive) | C_match_topdz (argmin |Δz_top−baseline|).

UNITS: all lengths in meters (SI). z_*_m = face height; *_dz_m = cell thickness on that face.
       Stretched column: thin BL cells vs thick top cell. Model top z ≈ 30000 m.

— Face table: z and Δz for the layer on face i (blank Δz on the model-top face). —

face  baseline_z_m  baseline_dz_m   A_same_ne_z_m A_same_ne_dz_m  B_ne_half_z_m B_ne_half_dz_m  C_match_topdz_z_mC_match_topdz_dz_m
-----------------------------------------------------------------------------------------------------------------------------------
1     0.00          20.00           0.00          100.00          0.00          100.00          0.00          100.00        
2     20.00         24.91           100.00        116.14          100.00        144.70          100.00        123.68        
3     44.91         31.01           216.14        134.82          244.70        208.99          223.68        152.84        
4     75.92         38.60           350.96        156.39          453.69        301.05          376.53        188.67        
5     114.52        48.04           507.35        181.26          754.74        432.03          565.19        232.57        
6     162.57        59.77           688.61        209.91          1186.77       616.61          797.77        286.22        
7     222.33        74.32           898.52        242.82          1803.38       873.25          1083.99       351.53        
8     296.65        92.36           1141.34       280.55          2676.62       1223.19         1435.52       430.64        
9     389.01        114.71          1421.89       323.69          3899.81       1687.25         1866.16       525.95        
10    503.72        142.34          1745.59       372.86          5587.07       2278.75         2392.11       639.93        
11    646.07        176.45          2118.44       428.69          7865.81       2991.38         3032.03       775.06        
12    822.52        218.44          2547.13       491.82          10857.19      3783.69         3807.09       933.53        
13    1040.96       270.00          3038.94       562.85          14640.88      4567.26         4740.62       1116.94       
14    1310.96       333.05          3601.79       642.33          19208.14      5211.99         5857.57       1325.78       
15    1644.01       409.83          4244.12       730.67          24420.13      5579.87         7183.35       1558.85       
16    2053.84       502.78          4974.79       828.12          30000.00                      8742.20       1812.65       
17    2556.63       614.54          5802.91       934.68                                        10554.85      2080.74       
18    3171.17       747.75          6737.59       1050.02                                       12635.59      2353.40       
19    3918.91       904.84          7787.61       1173.39                                       14988.99      2617.64       
20    4823.75       1087.66         8961.00       1303.58                                       17606.63      2857.95       
21    5911.41       1297.03         10264.58      1438.78                                       20464.59      3057.70       
22    7208.44       1532.03         11703.36      1576.61                                       23522.29      3201.28       
23    8740.47       1789.39         13279.97      1714.06                                       26723.57      3276.43       
24    10529.86      2062.74         14994.04      1847.58                                       30000.00                    
25    12592.60      2342.21         16841.61      1973.17                                                                   
26    14934.81      2614.36         18814.79      2086.61                                                                   
27    17549.17      2862.91         20901.40      2183.68                                                                   
28    20412.09      3070.25         23085.07      2260.45                                                                   
29    23482.33      3219.66         25345.52      2313.63                                                                   
30    26701.99      3298.01         27659.15      2340.85                                                                   
31    30000.00                      30000.00                                                                                

— Cell table: Δz by cell index j (layer j = faces j → j+1), m. —

cell_j  baseline_dz_m   A_same_ne_dz_m  B_ne_half_dz_m  C_match_topdz_dz_m
--------------------------------------------------------------------------
1       20.00           100.00          100.00          100.00        
2       24.91           116.14          144.70          123.68        
3       31.01           134.82          208.99          152.84        
4       38.60           156.39          301.05          188.67        
5       48.04           181.26          432.03          232.57        
6       59.77           209.91          616.61          286.22        
7       74.32           242.82          873.25          351.53        
8       92.36           280.55          1223.19         430.64        
9       114.71          323.69          1687.25         525.95        
10      142.34          372.86          2278.75         639.93        
11      176.45          428.69          2991.38         775.06        
12      218.44          491.82          3783.69         933.53        
13      270.00          562.85          4567.26         1116.94       
14      333.05          642.33          5211.99         1325.78       
15      409.83          730.67          5579.87         1558.85       
16      502.78          828.12                          1812.65       
17      614.54          934.68                          2080.74       
18      747.75          1050.02                         2353.40       
19      904.84          1173.39                         2617.64       
20      1087.66         1303.58                         2857.95       
21      1297.03         1438.78                         3057.70       
22      1532.03         1576.61                         3201.28       
23      1789.39         1714.06                         3276.43       
24      2062.74         1847.58                                       
25      2342.21         1973.17                                       
26      2614.36         2086.61                                       
27      2862.91         2183.68                                       
28      3070.25         2260.45                                       
29      3219.66         2313.63                                       
30      3298.01         2340.85                                       
