Toy column: z_max=30.0 km; baseline z_elem=30 dz_bottom=20.0 m; coarsened tier dz_bottom=40.0 m (2.0× baseline surface spacing).
Column keys: baseline | A_same_ne (stretch only) | B_ne_half (naive) | C_match_topdz (argmin |Δz_top−baseline|).

UNITS: all lengths in meters (SI). z_*_m = face height; *_dz_m = cell thickness on that face.
       Stretched column: thin BL cells vs thick top cell. Model top z ≈ 30000 m.

— Face table: z and Δz for the layer on face i (blank Δz on the model-top face). —

face  baseline_z_m  baseline_dz_m   A_same_ne_z_m A_same_ne_dz_m  B_ne_half_z_m B_ne_half_dz_m  C_match_topdz_z_mC_match_topdz_dz_m
-----------------------------------------------------------------------------------------------------------------------------------
1     0.00          20.00           0.00          40.00           0.00          40.00           0.00          40.00         
2     20.00         24.91           40.00         48.40           40.00         62.61           40.00         49.70         
3     44.91         31.01           88.40         58.53           102.61        97.91           89.70         61.73         
4     75.92         38.60           146.93        70.77           200.53        152.88          151.44        76.64         
5     114.52        48.04           217.70        85.53           353.41        238.16          228.08        95.10         
6     162.57        59.77           303.23        103.30          591.56        369.62          323.18        117.93        
7     222.33        74.32           406.53        124.69          961.19        570.41          441.11        146.10        
8     296.65        92.36           531.23        150.39          1531.59       872.56          587.21        180.81        
9     389.01        114.71          681.62        181.21          2404.15       1316.98         768.02        223.47        
10    503.72        142.34          862.83        218.09          3721.14       1948.09         991.50        275.75        
11    646.07        176.45          1080.93       262.12          5669.23       2797.35         1267.25       339.58        
12    822.52        218.44          1343.04       314.50          8466.58       3850.24         1606.83       417.14        
13    1040.96       270.00          1657.54       376.59          12316.81      5001.56         2023.97       510.86        
14    1310.96       333.05          2034.13       449.86          17318.37      6030.62         2534.84       623.32        
15    1644.01       409.83          2483.99       535.84          23348.99      6651.01         3158.15       757.08        
16    2053.84       502.78          3019.83       636.07          30000.00                      3915.23       914.48        
17    2556.63       614.54          3655.90       751.99                                        4829.71       1097.28       
18    3171.17       747.75          4407.89       884.78                                        5926.99       1306.14       
19    3918.91       904.84          5292.67       1035.15                                       7233.13       1540.07       
20    4823.75       1087.66         6327.82       1203.12                                       8773.20       1795.68       
21    5911.41       1297.03         7530.94       1387.66                                       10568.88      2066.60       
22    7208.44       1532.03         8918.60       1586.41                                       12635.48      2343.03       
23    8740.47       1789.39         10505.01      1795.41                                       14978.51      2611.71       
24    10529.86      2062.74         12300.41      2008.86                                       17590.22      2856.69       
25    12592.60      2342.21         14309.27      2219.16                                       20446.90      3060.76       
26    14934.81      2614.36         16528.43      2417.16                                       23507.66      3207.68       
27    17549.17      2862.91         18945.59      2592.72                                       26715.34      3284.66       
28    20412.09      3070.25         21538.31      2735.65                                       30000.00                    
29    23482.33      3219.66         24273.96      2836.80                                                                   
30    26701.99      3298.01         27110.76      2889.24                                                                   
31    30000.00                      30000.00                                                                                

— Cell table: Δz by cell index j (layer j = faces j → j+1), m. —

cell_j  baseline_dz_m   A_same_ne_dz_m  B_ne_half_dz_m  C_match_topdz_dz_m
--------------------------------------------------------------------------
1       20.00           40.00           40.00           40.00         
2       24.91           48.40           62.61           49.70         
3       31.01           58.53           97.91           61.73         
4       38.60           70.77           152.88          76.64         
5       48.04           85.53           238.16          95.10         
6       59.77           103.30          369.62          117.93        
7       74.32           124.69          570.41          146.10        
8       92.36           150.39          872.56          180.81        
9       114.71          181.21          1316.98         223.47        
10      142.34          218.09          1948.09         275.75        
11      176.45          262.12          2797.35         339.58        
12      218.44          314.50          3850.24         417.14        
13      270.00          376.59          5001.56         510.86        
14      333.05          449.86          6030.62         623.32        
15      409.83          535.84          6651.01         757.08        
16      502.78          636.07                          914.48        
17      614.54          751.99                          1097.28       
18      747.75          884.78                          1306.14       
19      904.84          1035.15                         1540.07       
20      1087.66         1203.12                         1795.68       
21      1297.03         1387.66                         2066.60       
22      1532.03         1586.41                         2343.03       
23      1789.39         1795.41                         2611.71       
24      2062.74         2008.86                         2856.69       
25      2342.21         2219.16                         3060.76       
26      2614.36         2417.16                         3207.68       
27      2862.91         2592.72                         3284.66       
28      3070.25         2735.65                                       
29      3219.66         2836.80                                       
30      3298.01         2889.24                                       
